ACONTRCOMM 2018-01-01
D7700015   7700015        N2018-01-01        00000        00000        00000        00000        00000                          00000000                                                                            00000000                                                                           00000000                                                                           00000000                                                                           00000000                                                                           00000000                       
D7700016   7700016        N2018-01-01        00000        00000        00000        00000        00000                          00000000                                                                            00000000                                                                           00000000                                                                           00000000                                                                           00000000                                                                           00000000                       
D7700017   7700017        N2018-01-01        00000        00000        00000        00000        00000                          00000000                                                                            00000000                                                                           00000000                                                                           00000000                                                                           00000000                                                                           00000000                       
D7700018   7700018        N2018-01-01        00000        00000        00000        00000        00000                          00000000                                                                            00000000                                                                           00000000                                                                           00000000                                                                           00000000                                                                           00000000                       
D7700019   7700019        N2018-01-01        00000        00000        00000        00000        00000                          00000000                                                                            00000000                                                                           00000000                                                                           00000000                                                                           00000000                                                                           00000000                       
D7700019   7700019        N2018-01-01        00000        00000        00000        00000        00000                          00000000                                                                            00000000                                                                           00000000                                                                           00000000                                                                           00000000                                                                           00000000                       
D7700020   7700020        N2018-01-01        00000        00000        00000        00000        00000                          00000000                                                                            00000000                                                                           00000000                                                                           00000000                                                                           00000000                                                                           00000000                       
D7700020   7700020        N2018-01-01        00000        00000        00000        00000        00000                          00000000                                                                            00000000                                                                           00000000                                                                           00000000                                                                           00000000                                                                           00000000                       
D7700021   7700021        N2018-01-01        00000        00000        00000        00000        00000                          00000000                                                                            00000000                                                                           00000000                                                                           00000000                                                                           00000000                                                                           00000000                       
D7700021   7700021        N2018-01-01        00000        00000        00000        00000        00000                          00000000                                                                            00000000                                                                           00000000                                                                           00000000                                                                           00000000                                                                           00000000                       
D7700022   7700022        N2018-01-01        00000        00000        00000        00000        00000                          00000000                                                                            00000000                                                                           00000000                                                                           00000000                                                                           00000000                                                                           00000000                       
D7700022   7700022        N2018-01-01        00000        00000        00000        00000        00000                          00000000                                                                            00000000                                                                           00000000                                                                           00000000                                                                           00000000                                                                           00000000                       
D7700023   7700023        N2018-01-01        00000        00000        00000        00000        00000                          00000000                                                                            00000000                                                                           00000000                                                                           00000000                                                                           00000000                                                                           00000000                       
D7700023   7700023        N2018-01-01        00000        00000        00000        00000        00000                          00000000                                                                            00000000                                                                           00000000                                                                           00000000                                                                           00000000                                                                           00000000                       
D7700024   7700024        Y2018-01-01        00000        00000        00000        00000        00000                    FL    00000000                                                                            00000000                                                                           00000000                                                                           00000000                                                                           00000000                                                                           00000000                       
D7700025   7700025        Y2018-01-01        00000        00000        00000        00000        00000                    FL    00000000                                                                            00000000                                                                           00000000                                                                           00000000                                                                           00000000                                                                           00000000                       
D7700026   7700026        Y2018-01-01        00000        00000        00000        00000        00000                    FL    00000000                                                                            00000000                                                                           00000000                                                                           00000000                                                                           00000000                                                                           00000000                       
D7700027   7700027        Y2018-01-01        00000        00000        00000        00000        00000                    FL    00000000                                                                            00000000                                                                           00000000                                                                           00000000                                                                           00000000                                                                           00000000                       
D7700028   7700028        Y2018-01-01        00000        00000        00000        00000        00000                    FL    00000000                                                                            00000000                                                                           00000000                                                                           00000000                                                                           00000000                                                                           00000000                       
D7700029   7700029        Y2018-01-01        00000        00000        00000        00000        00000                    NY    00000000                                                                            00000000                                                                           00000000                                                                           00000000                                                                           00000000                                                                           00000000                       
D7700029   7700029        Y2018-01-01        00000        00000        00000        00000        00000                    NY    00000000                                                                            00000000                                                                           00000000                                                                           00000000                                                                           00000000                                                                           00000000                       
D7700030   7700030        Y2018-01-01        00000        00000        00000        00000        00000                    NY    00000000                                                                            00000000                                                                           00000000                                                                           00000000                                                                           00000000                                                                           00000000                       
D7700030   7700030        Y2018-01-01        00000        00000        00000        00000        00000                    NY    00000000                                                                            00000000                                                                           00000000                                                                           00000000                                                                           00000000                                                                           00000000                       
D7700031   7700031        Y2018-01-01        00000        00000        00000        00000        00000                    NY    00000000                                                                            00000000                                                                           00000000                                                                           00000000                                                                           00000000                                                                           00000000                       
D7700031   7700031        Y2018-01-01        00000        00000        00000        00000        00000                    NY    00000000                                                                            00000000                                                                           00000000                                                                           00000000                                                                           00000000                                                                           00000000                       
D7700032   7700032        Y2018-01-01        00000        00000        00000        00000        00000                    NY    00000000                                                                            00000000                                                                           00000000                                                                           00000000                                                                           00000000                                                                           00000000                       
D7700032   7700032        Y2018-01-01        00000        00000        00000        00000        00000                    NY    00000000                                                                            00000000                                                                           00000000                                                                           00000000                                                                           00000000                                                                           00000000                       
D7700034   7700034        N2018-01-01        00000        00000        00000        00000        00000                          00000000                                                                            00000000                                                                           00000000                                                                           00000000                                                                           00000000                                                                           00000000                       
D7700035   7700034        N2018-01-01        00000        00000        00000        00000        00000                          00000000                                                                            00000000                                                                           00000000                                                                           00000000                                                                           00000000                                                                           00000000                       
D7700036   7700036        Y2018-01-01        00000        00000        00000        00000        00000                    FL    00000000                                                                            00000000                                                                           00000000                                                                           00000000                                                                           00000000                                                                           00000000                       
D7700037   7700036        N2018-01-01        00000        00000        00000        00000        00000                    FL    00000000                                                                            00000000                                                                           00000000                                                                           00000000                                                                           00000000                                                                           00000000                       
Z0000000031
